품명			단가(원)		평균시세(원)		단가-평균시세(원)
-----------------------------------------------------------------
강력 20kg                   27,800    44,217   -16,417
영양중력분 20kg                25,000    45,408   -20,408
박력 20kg                   26,500    35,695    -9,195
설탕 15kg                   20,200    33,531   -13,331
꽃소금 3kg                    4,800     9,540    -4,740
물엿 10kg                   19,100    21,398    -2,298
에멘탈치즈가는쉬레드 750g           23,400    22,503      +897
에멘탈크림치즈 1kg               18,700    18,245      +455
피자치즈 2.5kg                30,600    29,139    +1,461
냉동레드체다치즈 2.5kg            32,200    44,454   -12,254
코코아분말 1kg                 28,300    25,397    +2,903
코코아22분말 1kg               11,700    21,200    -9,500
아몬드분말 벌크 11.34kg          93,500   110,256   -16,756
통호두반태 1kg                  9,900   262,762  -252,862
건포도벌크 10kg                68,000    63,887    +4,113
건조크랜베리클래식 11.34kg        122,000    44,783   +77,217
코코넛롱 400g                  3,700     7,047    -3,347
코코넛분말 400g                 4,100    10,802    -6,702
황설탕 1kg                    2,300     9,623    -7,323
흑설탕 1kg                    2,200     5,752    -3,552
초미립분당 700g                 2,600     5,524    -2,924
하이슈가코트 10kg               33,100    36,888    -3,788
몰트엑기스액상                    6,300    12,972    -6,672
조커에이                       5,300   194,478  -189,178
몽블랑생지                    107,520    43,958   +63,562
타르트외피                     76,800    34,900   +41,900
오텐틱듀럼 1kg                 18,800    23,329    -4,529
레몬쥬스 946ml                 5,500    26,762   -21,262
반건조무화과 2kg                23,500    26,331    -2,831
필라델피아크림치즈 1.36kg          23,200    46,032   -22,832
끼리크림치즈 1kg                20,000    50,631   -30,631
카야쨈브라운 2.5kg              28,800    68,286   -39,486
파에테포요틴 2.5kg              55,000    53,729    +1,271
생이스트 500g                  2,300     5,644    -3,344
샤프드라이이스트 500g              5,000    10,181    -5,181
델리밀 1kg                    5,000    13,612    -8,612
S-아몬드벌크 11.34kg          109,600   111,575    -1,975
S-백아몬드                    12,000    27,286   -15,286
콩고물 1kg                    7,200    15,724    -8,524
트레디션T65 25kg              52,600    68,630   -16,030
파인소프트T 10kg               45,400    41,212    +4,188
파인소프트C 2kg                33,100    29,677    +3,423
파인소프트202 2kg              14,200    27,642   -13,442
트레할로스 20kg               130,300   144,786   -14,486
검은깨 1kg                   11,000    20,316    -9,316
참깨 1kg                     8,000    13,475    -5,475
왁시콘 5kg                   14,800    16,984    -2,184
베이킹파우더포뮬러 300g             1,750    40,639   -38,889
베이킹소다 1kg                  2,700     7,616    -4,916
통팥앙금55H 5kg               17,400    26,307    -8,907
팥빙수55M 5kg                18,400    40,861   -22,461
베이컨스타일칩 500g              12,800    21,424    -8,624
로스트가슴살치킨 1kg              16,500    23,236    -6,736
숯불구이맛소시지 1kg               8,250    18,864   -10,614
아몬드프라린 5kg               142,400    91,675   +50,725
슈퍼코트 1.25kg               14,900    17,154    -2,254
오렌지스틱 1kg                 52,300    38,195   +14,105
스위스밸리크림치즈 13.6kg         125,000    24,066  +100,934
백옥앙금55M 5kg               16,300    20,200    -3,900
잡화청 2.4kg                  7,800    25,592   -17,792
체스트넛스프레드 1kg              16,800    34,906   -18,106
조은밤홀 2kg                  21,000    12,385    +8,615
다이스밤 7L                   57,000    33,384   +23,616
S-블랙올리브 3kg                9,500    22,390   -12,890
올리브유엑스트라버진 5L             52,500    83,321   -30,821
통아몬드 1kg                   9,900    18,175    -8,275
통헤즐넛 1kg                  14,600    24,488    -9,888
마카다미아4호 1kg               24,500    35,944   -11,444
마카다미아7호 1.5kg             42,400    49,697    -7,297
피스타치오 1kg                 34,700    24,992    +9,708
피스타치오커넬 100g              11,400   108,187   -96,787
라즈베리쨈 2.5kg               28,200    48,100   -19,900
망고플리쨈 1kg                 10,800    13,912    -3,112
계피가루 200g                  3,200    11,148    -7,948
마스카포네치즈 1kg               14,500    26,569   -12,069
엑스트라드라이버터 1kg             24,400    54,748   -30,348
앵커버터무가염 454g               9,100    39,069   -29,969
고메버터 500g                 12,100    18,767    -6,667
냉동난백액 9kg                 61,000    49,903   +11,097
냉동난황 2.268kg              23,200    37,324   -14,124
냉동다진마늘 1kg                 3,200     7,270    -4,070
연유 500g                    4,300    16,331   -12,031
알프스쇼트닝 4.5kg              26,400    27,633    -1,233
식용유 18L                   65,000   115,472   -50,472
내츄럴믹스망고 250g              12,300   217,302  -205,002
내츄럴믹스메론 250g              12,300    31,223   -18,923
내츄럴믹스딸기 250g              23,300    36,420   -13,120
내츄럴믹스포도 250g              23,300    23,613      -313
고운쑥분말100% 1kg             23,300    34,680   -11,380
냉동참쑥 2kg                  17,900    16,405    +1,495
롱원너부어스트 1kg               11,100    16,298    -5,198
오징어먹물 500g                51,800    65,559   -13,759
마요네즈 3.2kg                15,900    19,433    -3,533
머스타드소스 623g                5,600    27,818   -22,218
홀그레인머스타드 820g              9,600    22,344   -12,744
드롭다크초콜렛 5kg               79,000    83,708    -4,708
드롭밀크초콜렛 5kg               80,000    67,301   +12,699
드롭화이트초콜렛 5kg              86,300    68,252   +18,048
카랏 스트로베리 5kg              40,200   192,140  -151,940
이지글레이즈 1L                 10,100    40,120   -30,020
벨코라데초코칩다크 5kg             71,000    81,317   -10,317
서울생크림 500ml                4,400    19,433   -15,033
에버휩 1030g                  3,300    12,866    -9,566
레스큐어휘핑크림 1L                8,900    16,156    -7,256
유기농통밀가루                   10,200    17,858    -7,658
호밀가루 1kg                   4,400     9,423    -5,023
베이커리롤치즈 1kg               15,000    19,895    -4,895
홍국쌀가루 대두                  41,800    34,792    +7,008
마다가스카르 바닐라빈 250g         168,000   200,034   -32,034
베이컨 1kg                   18,300    17,078    +1,222
계란(특란) 30                  5,800    14,461    -8,661
디종딸기리큐르 700ml             32,400    45,900   -13,500
